% NNsite_order = [1,8,2,7,3,6,4,5,...%shank1
%             9,16,10,15,11,14,12,13,...%shank2
%             17,24,18,23,19,22,20,21,...%shank3
%             25,32,26,31,27,30,28,29,...%shank4
%             33,40,34,39,35,38,36,37, ...%shank5
%             41,48,42,47,43,46,44,45,...%shank6
%             49,56,50,55,51,54,52,53,...%shank7
%             57,64,58,63,59,62,60,61]; %shank8
% reverse the order to go ventral to dorsal
% 
NNsite_order = [5,4,6,3,7,2,8,1,...%shank1  -- USE THIS FOR MONOPOLAR
            13,12,14,11,15,10,16,9,...%shank2
            21,20,22,19,23,18,24,17,...%shank3
            19,28,30,27,31,26,32,25,...%shank4
            37,36,38,35,39,34,40,33, ...%shank5
            45,44,46,43,47,42,48,41,...%shank6
            53,52,54,51,55,50,56,49,...%shank7
            61,60,62,59,63,58,64,57]; %shank8
               