NNsite_order_diffs = [7, 6, 5, 4, 3, 2, 1,...%shank1
            14, 13, 12, 11, 10, 9, 8,...%shank2 -- USE THIS FOR DIFFS
            21, 20, 19, 18, 17, 16, 15,...%shank3
            28, 27, 26, 25, 24, 23, 22,...%shank4
            35, 34, 33, 32, 31, 30, 29, ...%shank5
            42, 41, 40, 39, 38, 37, 36,...%shank6
            49, 48, 47, 46, 45, 44, 43,...%shank7
            56, 55, 54, 53, 52, 51, 50]; %shank8